67
66
67
67
69
70
70
71
78
80
88
83
86
84
82
82
93
91
91
91
89
88
67
67
68
71
73
74
82
114
149
150
70
83
82
81
84
87
89
444
23
26
27
29
26
25
29
27
26
28
29
26
30
32
30
31
30
28
31
30
27
31
30
29
31
30
29
31
29
26
28
29
27
30
28
25
29
31
27
31
10
16
16
16
16
16
11
16
16
16
16
16
16
16
16
16
16
16
16
16
16
16
16
16
16
16
16
16
16
9
16
16
11
13
16
16
16
16
16
16
16
16
16
16
16
16
16
16
16
16
16
16
16
16
16
16
16
16
16
16
16
16
16
16
16
16
16
16
16
16
16
16
16
16
16
16
16
12
16
16
14
16
9
16
16
16
16
16
16
16
16
10
16
16
16
16
16
16
16
16
16
16
16
16
16
16
16
16
16
16
16
16
16
16
16
16
16
16
17
17
17
17
17
17
17
17
17
17
17
17
17
17
17
17
17
17
17
17
17
17
17
17
17
17
17
17
17
17
17
17
17
17
17
17
17
17
17
17
17
17
17
17
17
17
17
17
17
17
17
17
17
17
17
17
17
17
17
17
17
68
68
67
67
67
68
67
67
67
67
73
69
69
67
68
67
68
68
67
67
67
68
68
68
68
69
67
67
68
67
67
68
67
68
67
68
67
69
67
68
67
68
68
67
68
67
68
70
68
70
70
67
67
68
68
68
70
72
70
68
67
67
68
68
68
68
67
68
69
71
67
70
70
67
69
69
68
69
71
71
69
70
70
69
68
69
69
70
68
71
68
70
68
72
69
68
67
68
68
69
68
69
68
68
68
68
69
68
69
70
70
70
68
67
67
67
68
68
69
68
68
68
69
74
75
76
69
68
71
76
71
69
69
69
71
69
68
68
68
69
69
69
69
68
72
69
69
70
69
68
68
69
260
77
69
68
68
69
69
69
67
67
67
67
67
67
68
70
70
68
67
68
70
70
71
68
68
68
68
68
68
68
67
68
67
67
69
69
68
68
67
68
68
68
68
68
67
67
67
67
67
69
67
67
71
69
69
67
67
67
67
67
69
67
67
68
68
69
69
69
70
68
68
68
67
68
70
68
68
67
68
68
69
68
68
69
68
71
71
70
70
69
69
68
69
68
68
69
69
67
68
68
68
68
67
68
71
72
68
11
16
12
16
16
16
16
16
16
16
16
16
16
16
16
16
16
16
16
16
16
16
16
16
16
16
16
13
16
16
16
16
16
16
16
16
16
16
16
16
16
16
16
16
16
16
16
16
16
16
16
16
16
16
15
16
16
16
16
16
16
16
16
16
16
16
16
16
16
16
16
16
16
16
16
11
16
16
16
16
16
16
16
16
16
16
16
16
16
16
16
16
16
16
16
16
16
16
16
16
16
16
16
16
16
16
16
16
16
14
16
16
16
16
16
16
16
9
16
16
16
16
16
16
16
16
16
16
16
16
16
16
16
16
16
16
16
16
16
16
16
16
16
16
16
16
16
16
16
16
16
16
16
16
16
16
16
16
16
16
16
16
16
16
16
16
16
16
16
16
16
16
16
16
16
16
16
16
16
16
16
16
16
16
16
16
16
16
16
16
16
16
16
16
16
16
16
16
16
16
16
16
16
16
16
16
16
16
16
16
16
11
16
16
16
16
16
16
16
16
16
16
16
16
16
16
16
16
16
16
16
16
16
16
16
16
16
16
16
16
16
16
16
16
16
16
16
16
16
16
16
16
16
16
16
16
14
10
16
16
16
16
16
16
16
16
16
16
16
16
16
16
16
16
16
16
16
16
16
16
16
16
16
16
16
16
16
16
16
16
16
16
16
16
16
16
16
16
16
16
16
16
16
16
16
16
16
16
16
16
16
16
16
16
17
17
17
17
17
17
17
17
17
17
17
17
17
17
17
17
17
17
17
17
17
17
17
17
17
17
17
17
17
17
17
17
17
17
17
17
17
17
17
17
17
18
19
18
17
17
17
17
17
17
22
26
27
26
26
26
25
25
26
27
17
18
18
18
18
18
18
19
19
18
19
19
20
20
19
19
20
20
20
19
20
20
20
20
19
19
20
20
20
20
20
20
21
21
19
21
22
20
21
20
20
20
21
21
19
19
20
20
20
20
19
20
20
20
19
19
20
425
438
457
68
70
72
72
72
72
72
73
73
74
73
75
75
75
79
81
78
78
69
70
74
72
70
72
74
75
74
74
79
80
82
84
77
74
72
77
76
78
74
73
74
79
79
82
77
76
80
85
83
85
77
77
69
70
72
72
72
75
80
75
73
75
74
77
77
14
16
16
16
16
16
16
16
16
16
16
16
16
16
16
16
16
16
16
16
16
16
16
16
16
16
16
16
16
16
16
16
16
16
16
16
16
16
16
16
16
16
16
16
16
16
16
16
16
16
16
16
16
16
16
16
16
16
16
16
16
16
16
16
16
16
16
16
16
16
16
16
16
16
16
16
16
16
16
16
16
16
16
16
16
16
16
16
16
16
16
16
16
16
16
16
16
16
16
16
16
16
16
16
16
16
16
16
16
16
16
16
16
16
16
16
16
16
16
16
16
16
16
16
16
16
16
16
16
16
11
16
16
16
16
16
16
16
16
16
16
16
16
16
16
16
16
16
16
16
16
16
16
16
16
16
16
16
16
16
16
16
16
16
16
16
16
17
17
17
17
17
17
17
17
17
17
17
17
17
17
17
17
17
17
18
17
17
17
17
17
17
17
17
17
17
18
18
18
17
17
17
17
17
17
17
17
17
17
17
17
17
17
17
17
17
17
17
17
17
17
17
17
17
17
17
17
17
17
17
17
17
17
17
17
17
17
17
17
17
17
17
17
17
17
17
17
17
18
18
18
19
67
67
67
67
68
67
67
67
67
68
67
68
68
68
67
68
68
68
68
67
68
67
67
69
